$ANSIBLE_VAULT;1.1;AES256
35303664616166613033363338333435333861653363306563323437396164353337353561643265
3539366138393565303239623639356537616137343264370a633161346437613965313838336238
66336633376662343039363865396538316130393063343435366538666636316136346135663266
3263303837663238310a653231666337396334373435636330316561353861663238346166373035
35356661366561373638356663636637626530323634363535323861386364363434336636613439
65663535383066643262353130383034356562306235313664343765656531303562373032376532
61396661373739313832386461356333633431623934613639346237303238616439386566333132
32396436636263626235383862333435346335613430386463356261316231336363356430303630
64666263363232363739633564616433376230646363313261326337353038333537623630313037
64633666313761386132666439383630323836666265336364393739663561346530353862363564
35633332623333313431636138643436383635623235313734376437386262626161616466633061
38303935663639373639306361336263313365666135646431316434376461356135666134633633
31373064356438363064316138623064393365633631386564336638326137613738633863376631
34313161353263613638613031323934306633346365633465356539303566613064326462386464
37643634333033636565313733623732346435316330623739383431666633303263633965643761
62393666643137616139303433316335656434666363363538366266646435623933363661343762
34346331363437396335383433303835343634626330613364383565663732376634393430653965
64623965306238613963346339616238343565623062316437396663396433386130356466376362
31393164616434393732393130616532623562383463646266663337306166666462646664633663
61363934613339353434626163303232326263336634393931316631326530363162313364613738
38326434633836633064313835306638363531396231366433383862376231346630343432363131
39656332303130366336346165353633363965323832383334353933376431333534303934613363
38366137396438383434663939343664386266333834336163616531333964366666613936303337
37396638313364363331346636343439323638303562643538313162663536623165313265386462
3332
